0.400000000000000022 
0.416406250000000033 
0.432812500000000044 
0.44921875 
0.465625000000000011 
0.482031250000000022 
0.498437500000000033 
0.514843750000000044 
0.53125 
0.547656250000000067 
0.564062500000000022 
0.580468750000000089 
0.596875000000000044 
0.61328125 
0.629687500000000067 
0.646093750000000022 
0.662500000000000089 
0.678906250000000044 
0.6953125 
0.711718749999999956 
0.728125000000000022 
0.744531250000000089 
0.760937500000000044 
0.77734375 
0.793750000000000067 
0.810156250000000022 
0.826562500000000089 
0.842968750000000044 
0.859375 
0.875781250000000067 
0.892187500000000022 
0.908593750000000089 
0.925000000000000044 
0.94140625 
0.957812500000000067 
0.974218750000000022 
0.990625000000000089 
1.00703125000000004 
1.0234375 
1.03984375000000018 
1.05624999999999991 
1.07265625000000009 
1.08906250000000004 
1.10546875 
1.12187500000000018 
1.13828124999999991 
1.15468750000000009 
1.17109375000000004 
1.1875 
1.20390625000000018 
1.22031249999999991 
1.23671875000000009 
1.25312500000000004 
1.26953125 
1.28593750000000018 
1.30234374999999991 
1.31875000000000009 
1.33515625000000004 
1.3515625 
1.36796875000000018 
1.38437499999999991 
1.40078125000000009 
1.41718750000000027 
1.43359375 
1.45000000000000018 
1.46640624999999991 
1.48281250000000009 
1.49921875000000027 
1.515625 
1.53203125000000018 
1.54843749999999991 
1.56484375000000009 
1.58125000000000027 
1.59765625 
1.61406250000000018 
1.63046874999999991 
1.64687500000000009 
1.66328125000000027 
1.6796875 
1.69609375000000018 
1.71249999999999991 
1.72890625000000009 
1.74531250000000027 
1.76171875 
1.77812500000000018 
1.79453124999999991 
1.81093750000000009 
1.82734375000000027 
1.84375 
1.86015625000000018 
1.87656249999999991 
1.89296875000000009 
1.90937500000000027 
1.92578125 
1.94218750000000018 
1.95859374999999991 
1.97500000000000009 
1.99140625000000027 
2.0078125 
2.02421875000000018 
2.04062499999999991 
2.05703125000000009 
2.07343750000000027 
2.08984375 
2.10625000000000018 
2.12265624999999991 
2.13906250000000009 
2.15546875000000027 
2.171875 
2.18828125000000018 
2.20468749999999991 
2.22109375000000009 
2.23750000000000027 
2.25390625 
2.27031250000000018 
2.28671874999999991 
2.30312500000000009 
2.31953125000000027 
2.3359375 
2.35234375000000018 
2.36874999999999991 
2.38515625000000009 
2.40156249999999982 
2.41796875 
2.43437500000000018 
2.45078124999999991 
2.46718750000000009 
2.48359374999999982 
2.5 
