0.400000000000000022 
0.405768008963715787 
0.411619192745945328 
0.417554750729435487 
0.423575899592059213 
0.429683873556211571 
0.435879924641802419 
0.442165322922896564 
0.448541356788055456 
0.45500933320443232 
0.461570577985676078 
0.468226436063698181 
0.474978271764358473 
0.481827469087126037 
0.488775431988773601 
0.495823584671161832 
0.502973371873174258 
0.510226259166861262 
0.517583733257855338 
0.525047302290117202 
0.532618496155077614 
0.540298866805235867 
0.548089988572281084 
0.55599345848980064 
0.564010896620641744 
0.572143946388994906 
0.580394274917263475 
0.588763573367793724 
0.597253557289530557 
0.605865966969673431 
0.614602567790401899 
0.623465150590746364 
0.632455532033675993 
0.641575554978480511 
0.650827088858522584 
0.660212030064435074 
0.669732302332846752 
0.679389857140711317 
0.689186674105324304 
0.699124761390106708 
0.709206156116241271 
0.719432924780243344 
0.72980716367755516 
0.740330999332245443 
0.751006588932908059 
0.761836120774844527 
0.772821814708623878 
0.783965922595109999 
0.795270728767050739 
0.806738550497323459 
0.818371738473932631 
0.830172677281855842 
0.842143785891840135 
0.854287518156244041 
0.866606363312033445 
0.879102846491025769 
0.891779529237496593 
0.904639010033246649 
0.917683924830243636 
0.930916947590940347 
0.944340790836388777 
0.957958206202255691 
0.971771985002854999 
0.985784958803315847 
1 
1.01442002240928963 
1.02904798186486324 
1.04388687682358872 
1.0589397489801482 
1.07420968389052907 
1.08969981160450624 
1.10541330730724185 
1.12135339197013884 
1.13752333301108055 
1.15392644496419017 
1.1705660901592454 
1.18744567941089607 
1.20456867271781509 
1.22193857997193422 
1.23955896167790458 
1.25743342968293548 
1.2755656479171531 
1.29395933314463818 
1.31261825572529323 
1.33154624038769431 
1.35074716701308994 
1.37022497143070288 
1.38998364622450166 
1.41002724155160442 
1.43035986597248721 
1.45098568729315858 
1.47190893341948414 
1.4931338932238265 
1.51466491742418352 
1.53650641947600497 
1.55866287647686597 
1.58113883008418998 
1.60393888744620128 
1.62706772214630657 
1.65053007516108785 
1.67433075583211677 
1.69847464285177852 
1.72296668526331098 
1.74781190347526705 
1.7730153902906034 
1.79858231195060836 
1.82451790919388768 
1.85082749833061344 
1.87751647233227015 
1.90459030193711154 
1.93205453677155958 
1.95991480648777494 
1.98817682191762701 
2.01684637624330909 
2.04592934618483158 
2.07543169320463994 
2.10535946472960012 
2.13571879539061049 
2.166515908280084 
2.19775711622756464 
2.22944882309374126 
2.26159752508311662 
2.29420981207560848 
2.32729236897735081 
2.36085197709097239 
2.3948955155056395 
2.42942996250713783 
2.46446239700828995 
2.5 
